55

0.526980 1.420670 0.725900 1.349570 1.452660 0.991600 0.663640 0.440680 0.307470 0.120000 0.382980 0.367630 0.903980 0.891320 1.527760 0.364820 0.459570 0.284810 0.207030 0.326090 0.197930 0.174380 0.309670 0.301720 0.393360 0.330800 0.381740 0.376320 0.333250 0.210870 0.327450 0.135780 0.189880 0.296220 0.521650 0.601830 0.682640 2.105070 0.264760 0.334660 0.235830 0.205310 0.272550 0.326020 0.211550 0.300430 0.401470 0.472830 0.238910 0.385550 0.299570 0.131870 0.259090 0.189390 0.187680
0.871360 2.526450 1.239120 2.403180 2.591170 1.722000 1.121920 0.741550 0.483790 0.122760 0.635060 0.570020 1.584780 1.554460 2.694630 0.572760 0.759710 0.424310 0.302260 0.527100 0.284730 0.240440 0.460000 0.455370 0.626830 0.508890 0.604790 0.586500 0.504770 0.323940 0.508830 0.161820 0.276240 0.443930 0.861010 1.028710 1.147920 3.777530 0.339690 0.463770 0.291520 0.317840 0.398330 0.534420 0.277670 0.451000 0.642220 0.777680 0.343420 0.588510 0.462940 0.173380 0.392630 0.286560 0.279950
0.536990 1.427960 0.735790 1.361310 1.462940 0.996860 0.672450 0.448830 0.312880 0.120000 0.391200 0.374090 0.918900 0.903850 1.533460 0.375600 0.469630 0.299210 0.214860 0.334030 0.205990 0.184840 0.314620 0.312110 0.403420 0.341150 0.389940 0.385910 0.341580 0.225640 0.341390 0.142160 0.198800 0.307110 0.544030 0.622220 0.701190 2.103830 0.274170 0.356990 0.247760 0.221190 0.285070 0.338890 0.222280 0.312270 0.412600 0.482550 0.254850 0.401200 0.317360 0.145540 0.278360 0.206300 0.203920
3.733710 11.731690 5.489510 11.126000 12.042700 7.823240 4.948010 3.287310 1.997410 0.176880 2.761850 2.319050 7.255790 7.117770 12.494970 2.438540 3.367190 1.721270 1.193300 2.261080 1.138060 0.917530 1.794940 1.822260 2.695230 2.136060 2.603250 2.500410 2.042010 1.375590 2.116660 0.409130 1.081610 1.727140 3.792110 4.707710 5.106060 17.692280 1.075680 1.718170 0.835340 1.326110 1.608720 2.301930 0.916480 1.859310 2.769390 3.411100 1.352380 2.414130 1.998360 0.511920 1.604080 1.184070 1.160430
0.960710 2.811010 1.371070 2.673470 2.883240 1.909920 1.240320 0.820530 0.529420 0.120000 0.701690 0.624460 1.760270 1.726410 2.997540 0.630880 0.833200 0.461440 0.329060 0.581200 0.309770 0.259910 0.501710 0.488740 0.691360 0.558820 0.666750 0.642860 0.551670 0.349540 0.551740 0.165780 0.292700 0.473210 0.936320 1.140570 1.264930 4.185010 0.361890 0.489940 0.299670 0.337800 0.435410 0.581070 0.293910 0.494500 0.708520 0.859650 0.364220 0.635270 0.505070 0.167310 0.412750 0.304050 0.298460
0.839270 2.393820 1.182170 2.276470 2.453180 1.635920 1.072900 0.715540 0.467200 0.122740 0.616240 0.558290 1.512480 1.484210 2.568080 0.568710 0.743590 0.427100 0.304830 0.515560 0.288730 0.247050 0.455700 0.452070 0.619240 0.508510 0.598690 0.573660 0.497450 0.327040 0.503300 0.163330 0.276110 0.435020 0.843960 0.999700 1.110200 3.573780 0.345450 0.470560 0.295120 0.317540 0.405370 0.516430 0.282040 0.454750 0.633590 0.759890 0.348160 0.587010 0.468730 0.173290 0.395080 0.290040 0.286460
0.568700 1.562570 0.792150 1.487690 1.601910 1.085540 4.304410 2.862390 1.707460 0.159690 2.422410 0.762460 0.990400 1.075200 1.668700 2.134620 2.935970 1.510920 1.050410 1.881340 0.820540 0.658080 0.607390 0.598980 0.854820 1.294020 2.275870 2.102660 1.781110 1.101050 1.511210 0.316730 0.780480 0.573740 1.171620 1.430110 1.690520 6.680020 0.803890 1.260170 0.625880 0.950880 1.163270 1.634590 0.344910 0.606210 0.876510 1.067390 0.562990 1.157140 0.816570 0.314790 1.150920 0.849940 0.833160
0.369070 0.974110 0.502880 0.926190 0.995960 0.682570 2.644530 1.760400 1.058250 0.119030 1.493170 0.484750 0.624220 0.676390 1.051150 1.321460 1.815430 0.940370 0.655120 1.162810 0.518330 0.415420 0.390050 0.392170 0.542760 0.807860 1.411240 1.306310 1.112790 0.684850 0.942780 0.208830 0.495930 0.377890 0.749590 0.899490 1.057540 4.089890 0.515620 0.801910 0.413320 0.595760 0.727970 1.018240 0.239170 0.395570 0.556710 0.669400 0.371700 0.734780 0.522010 0.214770 0.725990 0.533460 0.524110
0.206270 0.428420 0.256930 0.411440 0.437340 0.323460 1.051730 0.704750 0.446750 0.095570 0.605570 0.250200 0.298680 0.317910 0.470210 0.558130 0.736640 0.416710 0.294560 0.482970 0.239430 0.205610 0.215040 0.210220 0.267950 0.367540 0.588070 0.553100 0.476980 0.302850 0.416790 0.131410 0.229410 0.206890 0.353570 0.395200 0.475180 1.579830 0.280530 0.394870 0.238320 0.268790 0.337880 0.423450 0.155530 0.211580 0.272860 0.316140 0.201390 0.353590 0.256080 0.127770 0.331890 0.245910 0.242110
0.135980 0.204610 0.153150 0.198870 0.207640 0.175680 0.427770 0.286730 0.204210 0.090000 0.251390 0.150860 0.160670 0.167180 0.234520 0.248540 0.305280 0.200650 0.146050 0.209870 0.127380 0.115920 0.138960 0.137320 0.150250 0.183990 0.258680 0.253450 0.227680 0.142250 0.200670 0.097410 0.123470 0.140210 0.195880 0.189060 0.233670 0.611490 0.180980 0.224980 0.166680 0.130700 0.173950 0.189710 0.121450 0.131760 0.151930 0.166580 0.129640 0.198290 0.141260 0.093130 0.167160 0.122960 0.121670
0.405130 1.095430 0.560150 1.043460 1.122720 0.763710 3.008540 2.001360 1.196220 0.117650 1.694080 0.539560 0.698500 0.757330 1.172110 1.492280 2.049000 1.059610 0.737070 1.315750 0.577210 0.464910 0.431990 0.425820 0.604450 0.909130 1.590420 1.473250 1.246020 0.773020 1.059790 0.227290 0.548320 0.408440 0.826360 1.004340 1.187250 4.671430 0.570560 0.890420 0.447340 0.668840 0.818440 1.143720 0.249900 0.431970 0.619500 0.751920 0.401640 0.815280 0.578730 0.226750 0.810670 0.598830 0.587190
0.285750 0.627890 0.364790 0.601410 0.641800 0.468570 0.659300 0.439670 0.307820 0.120000 0.383480 1.097890 0.425530 0.659220 0.681890 0.365270 0.460170 0.285110 0.207240 0.412740 0.350900 0.296840 0.869010 0.873430 1.258540 0.682680 0.382220 0.376750 0.333600 0.304560 0.622510 0.182200 0.335100 0.830160 1.749260 2.132020 2.277980 6.781320 0.400690 0.561270 0.333190 0.393850 0.496350 0.645420 0.481550 0.891540 1.290550 1.572330 0.561430 0.913050 0.789570 0.218510 0.482760 0.357270 0.351190
0.916730 2.670940 1.306120 2.540430 2.739470 1.817430 1.182020 0.781660 0.506950 0.120000 0.668890 0.597680 1.673880 1.641760 2.848450 0.602210 0.793780 0.441940 0.315300 0.554550 0.297000 0.249690 0.481190 0.470200 0.659580 0.533850 0.636240 0.615120 0.528590 0.335930 0.530240 0.163330 0.283380 0.457150 0.897760 1.084620 1.206920 3.978250 0.350570 0.474810 0.295350 0.327120 0.416770 0.557740 0.285400 0.472820 0.675890 0.819290 0.352040 0.610890 0.483920 0.169660 0.401040 0.294570 0.288880
0.671160 1.922620 0.953010 1.828160 1.972240 1.323110 0.996300 0.651480 0.433090 0.120000 0.555940 0.805320 1.200910 1.279040 2.043880 0.494550 0.652690 0.364120 0.260700 0.496220 0.309270 0.259510 0.635530 0.631210 0.901670 0.583440 0.520350 0.519110 0.445680 0.308280 0.560500 0.166600 0.294460 0.609330 1.246560 1.531030 1.666550 5.328940 0.361470 0.491630 0.302860 0.342050 0.434700 0.600810 0.357440 0.633660 0.926280 1.132020 0.423690 0.724990 0.591790 0.183520 0.419490 0.307220 0.301770
3.500590 10.879290 5.121810 10.335910 11.164610 7.250700 4.605210 3.057320 1.836070 0.185220 2.587820 2.172170 6.728010 6.600530 11.578440 2.272140 3.117980 1.608560 1.120610 2.112730 1.065100 0.850640 1.688620 1.702100 2.510600 1.991510 2.423560 2.256470 1.910060 1.277860 1.964130 0.405930 1.008520 1.615980 3.514990 4.359780 4.741670 16.377581 1.036530 1.613460 0.810640 1.231940 1.506960 2.137980 0.877170 1.737640 2.577590 3.171130 1.259940 2.251620 1.856090 0.489070 1.490010 1.100210 1.078320
0.539060 1.501900 0.757910 1.428540 1.540450 1.045300 2.696960 1.785360 1.088450 0.128610 1.512670 0.571390 0.941480 0.981400 1.596060 1.327210 1.809810 0.938340 0.657490 1.181570 0.516510 0.421390 0.456360 0.440580 0.622150 0.838700 1.409520 1.325860 1.116570 0.674260 0.959050 0.224580 0.485200 0.429660 0.836780 1.031130 1.214110 4.658720 0.543350 0.791370 0.424630 0.587240 0.737170 1.034080 0.261670 0.437720 0.638220 0.779840 0.382840 0.773750 0.541970 0.207490 0.710350 0.522890 0.512160
0.683520 1.962020 0.971260 1.865560 2.012640 1.349140 5.485050 3.644860 2.162820 0.172290 3.081640 0.933050 1.225220 1.334420 2.085920 2.698660 3.729820 1.895490 1.315370 2.385380 1.022570 0.810180 0.733370 0.725780 1.050630 1.616200 2.884050 2.661720 2.249420 1.379200 1.895860 0.371960 0.970150 0.693580 1.449900 1.790050 2.113890 8.517850 0.974910 1.549900 0.749270 1.185820 1.447830 2.070660 0.395690 0.730490 1.078560 1.324370 0.675820 1.430540 1.000010 0.369620 1.430560 1.055860 1.034270
0.299030 0.703860 0.393930 0.672050 0.720550 0.518540 1.882580 1.248890 0.776920 0.123500 1.063130 0.381330 0.460850 0.496880 0.754670 0.946810 1.269870 0.681910 0.480600 0.833500 0.377330 0.313990 0.315460 0.306430 0.403270 0.589820 1.002880 0.948650 0.806070 0.484850 0.682050 0.186280 0.355670 0.302400 0.536710 0.630320 0.763940 2.849190 0.421930 0.592080 0.342870 0.421070 0.534270 0.721990 0.204000 0.297700 0.412480 0.493570 0.278630 0.543720 0.369790 0.169090 0.511760 0.378210 0.371080
0.155230 0.296480 0.189450 0.284180 0.302250 0.235850 0.743830 0.492730 0.325800 0.090000 0.423550 0.184750 0.205630 0.219490 0.327570 0.386520 0.503330 0.287860 0.206620 0.338040 0.168160 0.144580 0.160240 0.159150 0.185780 0.253570 0.407380 0.396030 0.342940 0.199350 0.288420 0.105850 0.160080 0.162220 0.247120 0.267830 0.324900 1.093580 0.214980 0.275010 0.187040 0.175730 0.232890 0.297300 0.125960 0.150100 0.190160 0.217730 0.144290 0.251230 0.167600 0.098130 0.220150 0.160480 0.158960
0.332370 0.863710 0.452700 0.823370 0.884890 0.610700 2.118140 1.409320 0.855390 0.109480 1.196940 0.477140 0.555610 0.612350 0.925460 1.062530 1.450980 0.759670 0.530920 1.034720 0.598300 0.482670 0.384180 0.377650 0.530490 0.751970 1.131060 1.051940 0.895240 0.658770 1.102610 0.234020 0.570510 0.362590 0.722430 0.873350 1.059900 5.255350 0.590270 0.917070 0.459500 0.696180 0.850900 1.187470 0.226820 0.381450 0.543500 0.657930 0.450300 0.899200 0.656970 0.240270 0.843670 0.623180 0.611030
0.179240 0.403870 0.232500 0.383320 0.411810 0.305680 0.599560 0.389860 0.267910 0.090000 0.333620 0.317320 0.260940 0.305760 0.437920 0.296800 0.390330 0.220600 0.159620 0.493020 0.534430 0.431420 0.257080 0.248820 0.334850 0.410040 0.312350 0.316900 0.273700 0.385640 0.997320 0.212170 0.505380 0.248000 0.451280 0.544020 0.711270 5.332180 0.535600 0.802880 0.411530 0.618080 0.763780 1.080120 0.158500 0.239790 0.343480 0.417410 0.439360 0.871610 0.647070 0.214560 0.745630 0.550340 0.539070
0.128760 0.196280 0.144220 0.185120 0.194960 0.170650 0.270200 0.178810 0.143300 0.090000 0.158930 0.170690 0.147210 0.159710 0.231510 0.158440 0.187030 0.136820 0.101340 0.213220 0.226790 0.191500 0.149860 0.150450 0.171290 0.194740 0.162760 0.174610 0.159280 0.167540 0.400990 0.123640 0.214720 0.153870 0.228300 0.240830 0.312420 1.921800 0.267080 0.361860 0.223020 0.247880 0.318680 0.418830 0.124260 0.141790 0.174590 0.196720 0.205000 0.371160 0.268460 0.117650 0.305280 0.224000 0.220030
0.192750 0.331700 0.227440 0.320070 0.337800 0.273000 0.356700 0.237870 0.191210 0.120000 0.213200 0.549230 0.242870 0.345450 0.371470 0.217640 0.258070 0.186280 0.137980 0.226040 0.198900 0.175170 0.448750 0.439470 0.608510 0.355750 0.223860 0.232680 0.213760 0.167330 0.329330 0.136080 0.190780 0.425440 0.823910 0.980700 1.067200 3.041690 0.265640 0.336110 0.236010 0.206530 0.273960 0.328060 0.278690 0.447430 0.622560 0.746250 0.297010 0.468950 0.391450 0.140780 0.259890 0.190470 0.187790
0.244190 0.508560 0.304450 0.482120 0.515060 0.390710 0.546680 0.360640 0.260340 0.120000 0.313390 0.920000 0.343990 0.529030 0.564950 0.298750 0.369850 0.238710 0.175330 0.332730 0.284890 0.242460 0.723360 0.719650 1.035880 0.559760 0.311450 0.316510 0.281070 0.243230 0.505640 0.161590 0.271870 0.690790 1.435770 1.769270 1.905830 5.792730 0.340330 0.461220 0.289760 0.313570 0.399270 0.538430 0.396400 0.723560 1.064420 1.304670 0.446200 0.744330 0.624590 0.183780 0.385460 0.283210 0.278170
0.524340 1.429140 0.726640 1.356580 1.461750 0.998470 1.549710 1.020200 0.646340 0.128020 0.867050 2.603240 0.903300 1.501490 1.534550 0.764930 1.035840 0.552020 0.389680 0.931510 0.771860 0.615060 2.017320 2.049840 3.035660 1.576670 0.809110 0.780460 0.663570 0.659100 1.415470 0.300430 0.734450 1.941340 4.274060 5.299720 5.612310 17.312710 0.756130 1.153310 0.598680 0.885820 1.084880 1.546540 1.025530 2.096220 3.117580 3.838880 1.275520 2.110120 1.856400 0.414570 1.073540 0.790980 0.775390
0.249490 0.560550 0.322450 0.530140 0.569380 0.424400 1.014270 0.667490 0.440020 0.120000 0.570080 0.600600 0.364230 0.467000 0.608190 0.509810 0.669350 0.376930 0.270980 0.564300 0.419390 0.345590 0.478730 0.467190 0.656730 0.548220 0.537940 0.530630 0.455830 0.379010 0.772140 0.198270 0.398560 0.451890 0.892000 1.092400 1.254880 5.172650 0.457280 0.649670 0.368110 0.473890 0.595030 0.831840 0.272450 0.461360 0.673790 0.823790 0.413980 0.775640 0.589270 0.199230 0.574910 0.422600 0.413500
0.584220 1.641520 0.822190 1.560210 1.682680 1.136830 4.580950 3.041880 1.814430 0.160270 2.572870 0.790360 1.027610 1.118970 1.751170 2.253940 3.110860 1.585120 1.102030 1.993070 0.851690 0.681350 0.624070 0.614010 0.883720 1.352540 2.402190 2.225010 1.876340 1.148500 1.586520 0.323130 0.809020 0.592130 1.213210 1.499300 1.768070 7.099770 0.831910 1.299690 0.639970 0.988150 1.212330 1.725550 0.350590 0.621130 0.907870 1.109530 0.574170 1.199310 0.838440 0.320680 1.196610 0.880590 0.863660
0.266380 0.593580 0.341720 0.565130 0.605010 0.444870 1.602630 1.057560 0.666730 0.125330 0.898830 0.331350 0.393280 0.423280 0.652470 0.794010 1.067700 0.574060 0.405900 0.705000 0.320980 0.268870 0.277220 0.273430 0.347290 0.497480 0.840250 0.809000 0.687110 0.404490 0.576920 0.169460 0.306080 0.274800 0.466790 0.537360 0.647590 2.430670 0.371850 0.511020 0.309860 0.354690 0.451820 0.615500 0.197060 0.265200 0.355590 0.418330 0.251810 0.468990 0.319650 0.161090 0.436360 0.318830 0.313860
0.239660 0.533770 0.309460 0.504660 0.542090 0.406350 1.455850 0.957590 0.610170 0.120000 0.814230 0.297750 0.346340 0.374030 0.581110 0.716720 0.961230 0.513270 0.364630 0.636980 0.286570 0.238230 0.251190 0.244900 0.305550 0.444820 0.760000 0.734990 0.624940 0.357440 0.516970 0.157570 0.272350 0.249360 0.413110 0.472110 0.576410 2.182460 0.339170 0.452160 0.282350 0.310080 0.400120 0.555700 0.177230 0.230880 0.310870 0.369800 0.219090 0.417700 0.273490 0.142150 0.379590 0.276550 0.269790
0.213140 0.508520 0.281510 0.481110 0.517450 0.375720 1.007150 0.661680 0.424970 0.090000 0.562980 0.341510 0.326190 0.369260 0.549500 0.499050 0.664310 0.363550 0.257400 0.616530 0.515680 0.413850 0.275600 0.268460 0.364770 0.476990 0.525640 0.513020 0.437120 0.431850 0.954990 0.205520 0.488230 0.266140 0.492610 0.598100 0.757110 4.929830 0.516090 0.770380 0.400210 0.591040 0.731670 1.037780 0.170640 0.262420 0.374980 0.453850 0.406370 0.817120 0.594910 0.204070 0.713010 0.526240 0.515470
0.281800 0.651600 0.364790 0.613090 0.658990 0.484630 0.953560 0.624950 0.416620 0.120000 0.533890 0.496580 0.422120 0.490030 0.715330 0.478920 0.625910 0.360680 0.257530 0.789630 0.867910 0.689910 0.399940 0.397070 0.539950 0.656550 0.501630 0.502800 0.432690 0.626390 1.606070 0.326380 0.823880 0.389370 0.739370 0.893280 1.145930 8.635200 0.841410 1.282730 0.651420 1.000670 1.227970 1.752170 0.251780 0.391660 0.554330 0.667890 0.703930 1.408870 1.048480 0.342510 1.210540 0.891000 0.872750
0.120000 0.138270 0.122960 0.131410 0.134760 0.132250 0.163260 0.113320 0.104380 0.090000 0.106670 0.130160 0.121840 0.124070 0.173100 0.125460 0.132240 0.122100 0.090000 0.124290 0.128800 0.117060 0.123110 0.125400 0.128470 0.134560 0.124660 0.133560 0.128380 0.105960 0.203420 0.097840 0.124790 0.127920 0.167010 0.152820 0.191320 0.725580 0.182250 0.227100 0.167600 0.132460 0.176040 0.192680 0.120000 0.121600 0.130280 0.135420 0.137990 0.213100 0.155870 0.093460 0.169070 0.124510 0.123210
0.201510 0.476800 0.266780 0.453540 0.487680 0.354440 0.706790 0.461360 0.309230 0.090000 0.393960 0.368450 0.305480 0.360590 0.511880 0.348480 0.461930 0.255610 0.183960 0.585030 0.636880 0.511190 0.296250 0.286350 0.395420 0.485570 0.368480 0.367910 0.316170 0.462290 1.189550 0.242430 0.604290 0.283420 0.533480 0.649360 0.846650 6.391690 0.624130 0.950500 0.476040 0.740900 0.909610 1.291770 0.176590 0.280130 0.405510 0.494410 0.520710 1.037480 0.775680 0.251230 0.893820 0.659700 0.646200
0.275270 0.628200 0.358850 0.600180 0.642910 0.468590 0.672140 0.440340 0.309750 0.120000 0.380900 1.145240 0.414220 0.661320 0.681990 0.351950 0.450840 0.271220 0.196900 0.411850 0.346450 0.289280 0.895880 0.893850 1.304480 0.688660 0.368420 0.371580 0.325870 0.288600 0.622500 0.176920 0.328420 0.855780 1.812240 2.244470 2.399640 7.325970 0.394510 0.544300 0.323140 0.383030 0.489110 0.663580 0.482320 0.909010 1.340230 1.643820 0.554990 0.923150 0.790320 0.206470 0.469240 0.344320 0.337980
0.573940 1.552280 0.795470 1.474530 1.589280 1.091120 1.632190 1.073080 0.690430 0.156930 0.913370 2.878270 0.977030 1.638750 1.663100 0.808200 1.086090 0.591880 0.418550 0.995360 0.836330 0.666040 2.227960 2.250860 3.341480 1.714960 0.853510 0.832930 0.710450 0.696430 1.536830 0.333990 0.794260 2.136030 4.688290 5.829880 6.182670 19.050520 0.833810 1.246280 0.658400 0.951880 1.176100 1.676820 1.127210 2.298810 3.432440 4.232960 1.380270 2.307330 2.015950 0.447440 1.155520 0.847320 0.830750
0.859470 2.522320 1.231120 2.397780 2.587740 1.719110 2.615960 1.731320 1.057220 0.134270 1.467060 4.678320 1.570740 2.669590 2.683240 1.287380 1.758110 0.910530 0.638360 1.604670 1.345820 1.059640 3.602000 3.676890 5.487720 2.797930 1.369020 1.287300 1.089100 1.150050 2.499420 0.466550 1.279000 3.474570 7.755290 9.649090 10.187380 31.511040 1.254350 1.978650 0.963590 1.569960 1.903840 2.733850 1.780150 3.762070 5.638280 6.963230 2.265410 3.769240 3.336650 0.691370 1.893970 1.397880 1.369280
0.882780 2.542880 1.256000 2.417800 2.608560 1.746080 2.688330 1.776260 1.097390 0.162070 1.506550 4.605290 1.587250 2.659920 2.707090 1.323130 1.799420 0.938510 0.660720 1.680910 1.437960 1.138800 3.550740 3.619490 5.387500 2.809070 1.405330 1.332220 1.128520 1.210570 2.674940 0.512770 1.362850 3.423750 7.605320 9.453830 10.021670 31.804140 1.359990 2.124700 1.043830 1.676440 2.040280 2.918950 1.766060 3.696750 5.535020 6.833150 2.301750 3.868330 3.389190 0.726820 2.022400 1.492700 1.462160
4.621850 14.503630 6.787160 13.777900 14.884700 9.630480 16.010460 10.664770 6.218800 0.355390 9.004780 10.336790 8.959190 10.850010 15.435170 7.876050 11.000560 5.508840 3.798990 10.154570 8.944740 6.850030 7.936020 8.157720 12.191460 10.039700 8.487290 7.750970 6.602630 7.533970 16.566820 2.661710 8.507430 7.712870 17.302000 21.522720 24.168171 64.141457 7.797740 12.892050 6.036210 10.485410 12.488210 18.217680 3.872310 8.342280 12.527250 15.482610 11.838280 21.047689 18.149450 3.944600 12.649410 9.336300 9.145180
0.722880 1.989590 1.005460 1.890010 2.035820 1.380890 2.548740 1.688900 1.045360 0.168750 1.435950 2.029700 1.258820 1.655470 2.133260 1.277570 1.729910 0.922370 0.647020 1.939860 2.011650 1.573710 1.582700 1.604540 2.344220 1.956090 1.354800 1.279510 1.091200 1.534040 3.721670 0.680060 1.914220 1.530700 3.286720 4.055450 4.660610 27.776119 1.850270 2.938440 1.435430 2.346060 2.828680 4.077380 0.833440 1.631270 2.407690 2.955240 5.862850 9.510540 9.113200 1.479050 2.834640 2.091520 2.049320
0.458170 1.103310 0.609890 1.052450 1.130010 0.809090 1.756620 1.158160 0.752970 0.181550 0.989700 0.814190 0.714830 0.833910 1.185490 0.885150 1.175230 0.644900 0.461440 1.338630 1.380440 1.100300 0.656380 0.643940 0.888720 1.103520 0.935990 0.909620 0.780330 1.046070 2.549550 0.516800 1.311400 0.627470 1.209580 1.458080 1.874640 13.568350 1.333610 2.048550 1.037060 1.600980 1.955060 2.773850 0.392320 0.636840 0.910810 1.105070 1.125540 2.227660 1.673300 0.551630 1.937550 1.428800 1.400180
1.400600 4.159390 2.006990 3.944450 4.257980 2.814360 6.046460 4.018560 2.391460 0.222600 3.398820 2.935980 2.588710 3.093350 4.447800 2.983920 4.124520 2.112520 1.464000 5.152920 5.825040 4.474150 2.272250 2.319700 3.415740 4.254250 3.196540 2.960720 2.520570 4.252170 10.778700 1.777210 5.538990 2.205550 4.818180 5.970460 7.561660 58.765789 5.129800 8.351210 3.974890 6.811860 8.137000 11.848840 1.166700 2.360440 3.510060 4.319850 4.632230 9.314330 7.131810 2.088280 8.221360 6.065350 5.941190
0.214110 0.520800 0.287580 0.496160 0.533720 0.384060 0.771870 0.504770 0.334320 0.090000 0.430590 0.399480 0.332650 0.393840 0.556810 0.380150 0.505400 0.274530 0.197950 0.640890 0.699270 0.559620 0.320020 0.309130 0.432200 0.531410 0.402530 0.398890 0.341950 0.508790 1.306220 0.260770 0.663150 0.304070 0.583530 0.712370 0.928840 7.034920 0.677890 1.040120 0.517780 0.815460 0.998120 1.420000 0.186280 0.304760 0.443290 0.541130 0.570090 1.137910 0.853750 0.273520 0.983750 0.726080 0.711210
0.309420 0.729260 0.404630 0.693520 0.743730 0.534630 1.052130 0.695010 0.456900 0.120000 0.595790 0.554080 0.477300 0.556670 0.790770 0.540740 0.708240 0.403900 0.287840 0.877060 0.966370 0.768380 0.447800 0.439360 0.608160 0.740660 0.568260 0.554450 0.478130 0.710540 1.776970 0.358540 0.919540 0.428330 0.828360 0.998710 1.282210 9.449210 0.926310 1.430950 0.721430 1.120720 1.364880 1.930680 0.272860 0.440270 0.624150 0.753670 0.792390 1.564640 1.181910 0.385710 1.355790 1.001160 0.981280
0.255020 0.622770 0.338480 0.591350 0.635570 0.452820 0.910410 0.601290 0.387710 0.090630 0.512640 0.466080 0.403730 0.473250 0.678080 0.457680 0.604990 0.337530 0.240760 0.759780 0.841460 0.662700 0.375320 0.370820 0.518670 0.634250 0.483100 0.470510 0.402410 0.611690 1.555170 0.299860 0.797730 0.358190 0.712930 0.864100 1.108110 8.409900 0.792460 1.230860 0.615450 0.974280 1.186550 1.703090 0.222550 0.372080 0.530130 0.643430 0.678920 1.359990 1.022870 0.326590 1.179690 0.868230 0.851590
0.171390 0.257780 0.192800 0.249130 0.261150 0.223680 0.280410 0.186970 0.161820 0.120000 0.170270 0.410890 0.197210 0.266330 0.299770 0.184580 0.207120 0.170680 0.125020 0.178960 0.160580 0.144490 0.342790 0.333460 0.444600 0.273300 0.183920 0.199740 0.186600 0.132730 0.255990 0.124440 0.155080 0.326990 0.591650 0.690400 0.761920 2.093300 0.231590 0.279330 0.213930 0.159460 0.217880 0.249060 0.227530 0.335440 0.454140 0.537950 0.233520 0.361010 0.291030 0.122750 0.208390 0.149420 0.149930
0.222650 0.453090 0.276470 0.431290 0.460400 0.352230 0.488600 0.320650 0.239740 0.120000 0.280090 0.809840 0.306960 0.472930 0.501110 0.267440 0.329500 0.220070 0.159940 0.299750 0.255190 0.216230 0.640140 0.634290 0.909750 0.490200 0.275570 0.289110 0.257720 0.208650 0.449070 0.149960 0.243850 0.611340 1.253150 1.542730 1.663570 5.038090 0.313420 0.410840 0.268130 0.274420 0.355580 0.472940 0.360520 0.640370 0.933160 1.139790 0.397630 0.658060 0.551280 0.164190 0.341420 0.247470 0.243860
0.386030 0.972900 0.517750 0.924800 0.993650 0.695610 1.019380 0.674920 0.444280 0.120000 0.579070 1.767100 0.627630 1.023320 1.050330 0.526970 0.686080 0.396670 0.283060 0.627250 0.525930 0.429670 1.376870 1.392440 2.045050 1.064220 0.553950 0.541610 0.467960 0.450310 0.963580 0.231190 0.502040 1.321040 2.864720 3.538220 3.761110 11.473520 0.550330 0.806740 0.440730 0.603580 0.745700 1.031620 0.716380 1.419400 2.099620 2.579970 0.867180 1.436540 1.249650 0.301060 0.734840 0.540630 0.530300
0.298190 0.701200 0.392690 0.669520 0.717820 0.516790 0.744840 0.490070 0.338490 0.120000 0.422860 1.269280 0.459210 0.738640 0.751840 0.387170 0.500640 0.291330 0.212140 0.457860 0.383920 0.319270 0.995580 0.994780 1.455260 0.766700 0.407430 0.406970 0.355410 0.322440 0.694780 0.188290 0.361810 0.943060 2.022040 2.493600 2.660310 8.052850 0.427800 0.599790 0.347090 0.429190 0.543930 0.735760 0.532310 1.016460 1.493550 1.830470 0.616020 1.028270 0.888440 0.225620 0.521560 0.385430 0.378150
0.289160 0.669520 0.374700 0.632690 0.679460 0.496710 0.814460 0.535590 0.363020 0.120000 0.458980 0.839080 0.437040 0.594660 0.737550 0.418390 0.538100 0.324010 0.231250 0.568700 0.552480 0.443150 0.661410 0.657820 0.941440 0.658170 0.436740 0.439130 0.380210 0.424310 1.013450 0.234740 0.527440 0.636160 1.303720 1.601860 1.796210 8.833600 0.566930 0.830810 0.452170 0.626010 0.775880 1.103610 0.370020 0.660560 0.967160 1.182870 2.010090 3.197930 3.104790 0.493930 0.763620 0.557590 0.545400
0.660780 1.802220 0.918620 1.715780 1.847580 1.257190 2.328440 1.542910 0.961020 0.160240 1.312770 1.819980 1.142010 1.496150 1.923780 1.166270 1.575700 0.838100 0.591090 1.781880 1.853530 1.453200 1.422060 1.425870 2.094010 1.773790 1.235720 1.171370 0.996090 1.409910 3.417460 0.634380 1.760350 1.357870 2.917070 3.607220 4.172890 24.966660 1.710090 2.706740 1.328750 2.159690 2.608360 3.736020 0.748510 1.456020 2.149660 2.639490 5.133590 8.374710 7.987650 1.322470 2.609210 1.926290 1.887450
0.326310 0.818500 0.440120 0.777590 0.837030 0.592880 1.025260 0.670430 0.444250 0.120000 0.571920 0.935480 0.520460 0.702930 0.877510 0.507750 0.671450 0.372240 0.266580 0.736470 0.722360 0.580640 0.735240 0.723890 1.053500 0.791760 0.534660 0.531680 0.455920 0.551350 1.342790 0.284960 0.683400 0.694830 1.448880 1.795140 2.043470 11.284230 0.720120 1.080510 0.556130 0.832430 1.028270 1.457250 0.396290 0.732450 1.081510 1.328010 2.858740 4.544460 4.449440 0.674330 1.006060 0.741190 0.726020
0.267960 0.670120 0.358260 0.634110 0.682490 0.483570 0.971930 0.642070 0.411410 0.090230 0.547010 0.513630 0.429100 0.504900 0.724390 0.487040 0.645230 0.358040 0.254850 0.807270 0.889650 0.700950 0.407440 0.401070 0.567890 0.679310 0.514430 0.499600 0.426590 0.650540 1.649170 0.314880 0.847820 0.388600 0.779810 0.958140 1.220680 9.110350 0.834750 1.302880 0.646220 1.036550 1.256450 1.805780 0.233080 0.400360 0.583810 0.712970 0.818920 1.589620 1.247070 0.359190 1.253790 0.922730 0.904540
0.303830 0.711340 0.396370 0.676440 0.725310 0.522850 1.026090 0.677630 0.446870 0.120000 0.581140 0.541660 0.466300 0.543350 0.771780 0.527950 0.689560 0.395040 0.281740 0.854710 0.940950 0.749000 0.438270 0.428710 0.593520 0.722330 0.554620 0.542120 0.467880 0.691930 1.733870 0.351200 0.895380 0.419530 0.807010 0.972740 1.249340 9.300120 0.904800 1.395080 0.704240 1.090860 1.329460 1.891110 0.268360 0.430340 0.609090 0.734960 0.772630 1.524170 1.150650 0.376810 1.319790 0.974590 0.955240
0.378770 1.045140 0.530740 0.994210 1.071910 0.730300 1.532400 1.012020 0.627390 0.091980 0.858580 0.762200 0.656000 0.782600 1.113800 0.754230 1.022560 0.535450 0.377410 1.293530 1.441730 1.125460 0.597840 0.591310 0.861930 1.067150 0.800550 0.760980 0.643200 1.052420 2.670990 0.475290 1.369030 0.563560 1.190430 1.473510 1.889160 14.550450 1.307420 2.087970 1.003570 1.686690 2.032450 2.932890 0.319610 0.598390 0.884910 1.087250 1.148750 2.321590 1.765880 0.533710 2.034750 1.501850 1.471090
0.220270 0.540430 0.296700 0.514830 0.553890 0.397050 0.800390 0.523780 0.345300 0.090000 0.446630 0.413090 0.344760 0.408420 0.575280 0.394140 0.524450 0.284140 0.204670 0.665350 0.724420 0.580820 0.330430 0.319090 0.448300 0.551490 0.417450 0.412470 0.353240 0.529170 1.357330 0.268820 0.688110 0.311250 0.603060 0.740930 0.964830 7.316550 0.701420 1.079360 0.533690 0.848110 1.036880 1.473570 0.190530 0.315790 0.459870 0.561600 0.591720 1.182280 0.887920 0.283260 1.023160 0.755170 0.739710

0.000000 21.329695 22.164885 19.862193 17.497129 25.716141 29.884596 37.611988 43.841270 47.089973 50.973813 29.999141 30.589863 32.762420 30.373854 32.504701 35.484223 36.076004 40.321434 42.060730 43.295930 52.364645 33.860762 35.709703 37.078297 40.020191 40.346398 42.871363 43.861484 45.372703 48.148789 51.725809 53.373668 42.329383 41.402176 43.376605 45.815961 47.707547 47.094922 46.561961 47.928852 48.178043 50.630574 55.479016 47.996230 47.689297 47.077148 48.603148 49.999074 49.100895 51.976891 50.118457 52.933914 51.686820 54.386613
21.329695 0.000000 7.483431 11.747816 21.620230 11.095268 18.559127 25.244529 34.337340 39.783426 44.565234 9.695656 9.296834 12.015410 12.210629 14.594098 17.248197 19.877377 22.845221 24.848150 27.376162 37.294473 13.281900 14.529844 15.860766 19.529822 20.776314 23.081146 24.930912 26.763115 30.199830 34.521992 36.780129 21.656258 20.073027 22.061510 24.531102 26.650721 26.158012 25.967209 27.279611 28.138291 31.677936 37.597750 30.176607 28.353283 26.165205 27.340043 28.756287 28.086961 30.851229 29.259531 32.053523 31.237813 33.939723
22.164885 7.483431 0.000000 5.345542 16.425949 4.212585 11.277110 18.451146 27.172662 32.429209 37.175434 15.304349 11.670716 11.931308 8.225338 10.347330 13.327377 14.474446 18.366688 20.217557 22.023098 31.716643 18.059166 17.902215 16.880510 18.401469 18.262598 20.814635 21.697686 23.236600 26.160760 30.017162 31.940660 25.587043 21.779908 23.365398 25.453258 26.560289 25.760055 24.859848 26.247748 26.144867 28.477742 33.568203 35.994922 33.346789 29.444396 29.521906 29.295041 27.841123 30.875766 28.614092 31.408719 29.806334 32.478363
19.862193 11.747816 5.345542 0.000000 11.134879 6.605300 10.261158 18.054273 25.564295 30.107400 34.643809 20.475295 17.004266 16.946455 12.170850 13.775566 16.618641 16.387393 20.826615 22.436039 23.450029 32.550809 23.367869 23.238746 21.950006 22.797797 22.035801 24.598311 24.885578 26.164598 28.603617 31.957287 33.528125 30.927424 26.893279 28.373008 30.336018 31.113123 30.217969 29.056191 30.442391 29.889744 31.449850 35.812926 41.220234 38.675195 34.732184 34.648789 34.012477 32.314877 35.399098 32.919664 35.666066 33.743187 36.350211
17.497129 21.620230 16.425949 11.134879 0.000000 17.191164 16.805973 23.412982 27.539766 29.986812 33.633336 31.051119 28.092100 28.032752 22.834389 24.016477 26.564953 25.038336 29.673609 30.890816 30.812600 38.391816 34.214156 34.316895 33.041934 33.446871 32.165434 34.663297 34.323254 35.257039 36.994250 39.513535 40.495859 41.989082 37.995168 39.419000 41.295000 41.800523 40.827832 39.433984 40.799133 39.788891 40.405836 43.652695 51.751680 49.544629 45.860855 45.749137 44.825184 42.920180 46.027422 43.356832 46.025930 43.783203 46.279355
25.716141 11.095268 4.212585 6.605300 17.191164 0.000000 7.510438 14.308370 23.245725 28.726561 33.535102 17.235002 12.323808 11.147738 5.656973 7.173981 10.051243 10.456563 14.605475 16.361746 17.929623 27.547363 19.316684 18.364943 16.103412 16.304038 15.430729 17.993926 18.384250 19.757793 22.432752 26.099055 27.919467 25.979082 21.051822 22.334277 24.125744 24.651045 23.715510 22.479092 23.862721 23.290732 25.042871 29.775197 37.407789 34.214598 29.324482 28.763008 27.638830 25.812656 28.910242 26.360332 29.091729 27.137910 29.746291
29.884596 18.559127 11.277110 10.261158 16.805973 7.510438 0.000000 7.794826 15.904690 21.227010 26.026449 24.318004 18.811238 16.479262 10.229038 9.857568 11.348273 8.537160 13.089768 14.138988 14.089853 22.523504 25.914436 24.331541 20.874486 19.038365 16.731225 18.990098 17.983166 18.675119 20.197096 22.800729 23.995043 31.587779 25.526520 26.309717 27.546799 27.037344 25.901840 24.068984 25.348063 23.729664 23.707539 26.893729 43.819902 40.145000 34.241809 32.841227 30.330781 27.906762 30.974088 27.973547 30.437664 27.794098 30.124762
37.611988 25.244529 18.451146 18.054273 23.412982 14.308370 7.794826 0.000000 9.614143 15.830106 20.691031 29.223709 23.160344 19.837750 14.425026 12.779281 12.358604 7.864457 10.401753 10.281671 8.319290 15.039401 29.957545 27.608078 23.076510 19.379529 16.048655 17.550664 15.255987 15.099648 15.204918 16.570826 17.191018 34.007609 26.960627 27.126400 27.659857 26.084078 24.836357 22.560439 23.603098 21.068428 19.255602 20.800482 47.022125 42.703051 35.675934 33.352664 29.460836 26.576527 29.398430 26.136852 28.152225 24.990479 26.882285
43.841270 34.337340 27.172662 25.564295 27.539766 23.245725 15.904690 9.614143 0.000000 6.415902 11.173979 38.824398 32.774074 29.421908 24.015680 22.389500 21.771385 17.270170 18.652396 17.747688 14.376917 14.539146 39.555102 37.128746 32.434475 28.253990 24.679295 25.668805 22.755564 21.924494 20.461914 19.543395 18.690824 43.282293 36.014402 35.933082 36.119109 33.989629 32.727811 30.284416 31.100191 28.032252 24.594439 23.386283 56.429246 51.950574 44.580414 41.870172 37.285656 34.210074 36.730723 33.424758 34.974922 31.541004 32.888641
47.089973 39.783426 32.429209 30.107400 29.986812 28.726561 21.227010 15.830106 6.415902 0.000000 4.881354 44.868855 38.898418 35.663160 30.074064 28.580057 28.116572 23.607779 25.058488 24.100650 20.636344 18.934922 45.768133 43.432680 38.806348 34.669891 31.091459 32.039676 29.064084 28.133813 26.373070 24.837812 23.506523 49.676938 42.428199 42.346102 42.505035 40.301313 39.041508 36.580023 37.350297 34.196875 30.415746 28.344740 62.794066 58.351574 50.995086 48.256449 43.572020 40.471156 42.916152 39.618355 41.048039 37.574461 38.759152
50.973813 44.565234 37.175434 34.643809 33.633336 33.535102 26.026449 20.691031 11.173979 4.881354 0.000000 49.749449 43.778766 40.528457 34.955418 33.452875 32.939398 28.434174 29.696418 28.629242 25.062762 22.021258 50.640313 48.279398 43.608453 39.361133 35.745902 36.577465 33.507445 32.455471 30.409244 28.388961 26.730549 54.448594 47.144891 46.996180 47.060410 44.719738 43.465609 40.982289 41.687035 38.438508 34.333148 31.574414 67.603133 63.109840 55.654281 52.807187 47.945473 44.814797 47.154277 43.875832 45.159324 41.656160 42.667961
29.999141 9.695656 15.304349 20.475295 31.051119 17.235002 24.318004 29.223709 38.824398 44.868855 49.749449 0.000000 6.201048 10.119229 14.810872 16.554816 18.010398 22.081957 23.247172 25.195293 28.547842 38.148348 3.869686 6.523659 10.641571 16.107500 18.883941 20.449420 23.308547 25.311490 29.120377 33.798148 36.435387 12.331294 12.990619 15.162924 17.775908 20.833896 20.755883 21.451088 22.523842 24.496078 29.297254 35.978477 20.755176 18.659746 17.103295 19.093828 22.049027 22.314457 24.555691 23.851250 26.430420 26.609965 29.153750
30.589863 9.296834 11.670716 17.004266 28.092100 12.323808 18.811238 23.160344 32.774074 38.898418 43.778766 6.201048 0.000000 4.040071 8.854439 10.415017 11.816678 15.895334 17.129254 19.102713 22.386711 32.062738 7.104943 6.235128 6.592665 10.997126 13.203872 15.089015 17.634910 19.616652 23.365221 27.991287 30.556129 13.927700 10.855921 12.788555 15.236633 17.437316 17.027355 17.108818 18.354068 19.691736 23.979043 30.448301 25.126338 21.924865 17.833883 18.355531 19.460564 18.893014 21.590299 20.158299 22.920578 22.404863 25.073789
32.762420 12.015410 11.931308 16.946455 28.032752 11.147738 16.479262 19.837750 29.421908 35.663160 40.528457 10.119229 4.040071 0.000000 6.262692 7.119496 7.974198 12.268278 13.130262 15.088523 18.433104 28.048127 10.144005 7.921142 5.009279 7.518570 9.260167 11.302857 13.666195 15.633162 19.355836 23.966113 26.519484 15.136457 9.965700 11.444098 13.536349 14.967349 14.332885 13.965796 15.293821 16.177209 20.137145 26.498691 27.480340 23.665900 18.196523 17.716980 17.477918 16.343470 19.264148 17.375166 20.187645 19.225150 21.928980
30.373854 12.210629 8.225338 12.170850 22.834389 5.656973 10.229038 14.425026 24.015680 30.074064 34.955418 14.810872 8.854439 6.262692 0.000000 2.393243 5.248908 7.812785 10.700056 12.679622 15.189616 25.115973 15.874258 14.106630 10.898893 10.650246 10.058575 12.620786 13.523442 15.144501 18.291982 22.436961 24.611143 21.396520 15.757816 16.873002 18.547713 18.994467 18.066199 16.895896 18.283982 17.952648 20.332482 25.731877 33.626000 29.920982 24.293025 23.370459 21.990836 20.163670 23.258027 20.749352 23.501258 21.688352 24.336902
32.504701 14.594098 10.347330 13.775566 24.016477 7.173981 9.857568 12.779281 22.389500 28.580057 33.452875 16.554816 10.415017 7.119496 2.393243 0.000000 2.980159 5.621007 8.311091 10.286832 12.843835 22.768949 17.188088 15.010874 11.070574 9.565182 8.265685 10.824300 11.360534 12.895138 15.947693 20.052168 22.217906 21.924604 15.668969 16.498502 17.889836 17.870195 16.848758 15.425510 16.797582 16.116795 18.130449 23.386092 34.557926 30.570299 24.394805 23.037588 21.018008 18.932176 22.042189 19.342260 22.029812 19.975869 22.575002
35.484223 17.248197 13.327377 16.618641 26.564953 10.051243 11.348273 12.358604 21.771385 28.116572 32.939398 18.010398 11.816678 7.974198 5.248908 2.980159 0.000000 4.509427 5.630465 7.650383 10.628114 20.457877 18.036613 15.386878 10.717957 7.722829 5.610323 8.100742 8.385725 9.920850 13.053053 17.277123 19.550809 21.656830 14.780841 15.239264 16.263697 15.721789 14.616018 12.951274 14.290644 13.308521 15.150365 20.491551 34.680555 30.354037 23.562111 21.705195 18.991354 16.656951 19.752355 16.887070 19.494516 17.244268 19.795631
36.076004 19.877377 14.474446 16.387393 25.038336 10.456563 8.537160 7.864457 17.270170 23.607779 28.434174 22.081957 15.895334 12.268278 7.812785 5.621007 4.509427 0.000000 4.635854 6.056158 7.588134 17.446238 22.404795 19.864701 15.219635 11.705676 8.700542 10.692028 9.446011 10.221667 12.241064 15.659265 17.474062 26.143586 19.139117 19.417549 20.165813 19.057510 17.858623 15.827509 17.042996 15.217827 15.385872 19.432473 39.189941 34.838687 27.888676 25.768637 22.421557 19.774064 22.775088 19.664910 22.028164 19.284639 21.589850
40.321434 22.845221 18.366688 20.826615 29.673609 14.605475 13.089768 10.401753 18.652396 25.058488 29.696418 23.247172 17.129254 13.130262 10.700056 8.311091 5.630465 4.635854 0.000000 2.021566 5.400013 14.940694 22.788539 19.756693 14.569425 9.712301 6.052244 7.174202 5.052431 5.594702 7.827362 11.744223 13.935225 25.001863 17.524633 17.299998 17.498801 15.695887 14.443773 12.160203 13.226796 10.939602 10.756696 15.203330 38.313891 33.567277 25.957891 23.243488 19.068240 16.176347 19.025951 15.790564 17.941469 14.979032 17.155314
42.060730 24.848150 20.217557 22.436039 30.890816 16.361746 14.138988 10.281671 17.747688 24.100650 28.629242 25.195293 19.102713 15.088523 12.679622 10.286832 7.650383 6.056158 2.021566 0.000000 3.746152 12.960489 24.625453 21.516066 16.259289 11.121762 7.409653 7.948706 5.084685 4.854300 6.188933 9.813105 11.934594 26.458805 18.894475 18.483285 18.431197 16.262387 14.999807 12.589958 13.506341 10.796540 9.583516 13.418286 39.797180 34.940730 27.130281 24.178387 19.587840 16.569146 19.260307 15.967176 17.885326 14.710947 16.668506
43.295930 27.376162 22.023098 23.450029 30.812600 17.929623 14.089853 8.319290 14.376917 20.636344 25.062762 28.547842 22.386711 18.433104 15.189616 12.843835 10.628114 7.588134 5.400013 3.746152 0.000000 9.926677 28.183930 25.152463 19.939592 14.867222 11.154970 11.578489 8.445298 7.558721 6.904771 8.712238 10.078538 30.204588 22.639020 22.196133 22.048750 19.672213 18.414467 15.945138 16.726619 13.685250 11.020004 12.843902 43.542301 38.682938 30.830422 27.780756 22.935744 19.841627 22.361338 19.054008 20.698484 17.335369 18.952561
52.364645 37.294473 31.716643 32.550809 38.391816 27.547363 22.523504 15.039401 14.539146 18.934922 22.021258 38.148348 32.062738 28.048127 25.115973 22.768949 20.457877 17.446238 14.940694 12.960489 9.926677 0.000000 37.423848 34.174434 28.832369 23.295662 19.760092 19.204701 15.788239 13.978691 10.528853 6.858504 4.730779 38.246109 30.622301 29.687471 28.846129 25.633566 24.497164 22.048547 22.286369 18.737793 13.497423 9.556003 51.489676 46.304449 37.950332 34.253473 28.415371 25.266207 26.963262 23.917002 24.514732 21.032250 21.449600
33.860762 13.281900 18.059166 23.367869 34.214156 19.316684 25.914436 29.957545 39.555102 45.768133 50.640313 3.869686 7.104943 10.144005 15.874258 17.188088 18.036613 22.404795 22.788539 24.625453 28.183930 37.423848 0.000000 3.591245 8.776629 14.488578 17.729420 18.879344 22.018230 24.007365 27.838250 32.538535 35.270785 8.481526 9.839014 11.984373 14.560748 17.903439 17.996748 19.034020 19.969562 22.329000 27.493066 34.326508 18.094775 15.331877 13.233608 15.342203 18.748002 19.359867 21.357098 20.999186 23.442152 23.993230 26.424809
